Iris  results:__________________
0.7298383282668457
0.22413185834612423
0.5092332693588609
0.8126989806620806
0.9200980560777079
0.28036083706811177
0.7439512491972364
0.18160841421954377
0.4248733260730557
0.4633945108157316
0.12933363874455242
0.8178789762428543
0.17567079901771526
0.7580390342683063
0.44429892827066547
0.7297863465872203
0.34481304786013023
0.4804953494958381
0.5426742159601683
0.701539448014338
0.6252281893370827
0.4077452007134484
0.3633225893179563
0.0664562711520574
0.6590452842499791
0.6702506539206353
0.5951667118776787
0.16620261568011818
0.10761642011490832
0.5640511568276241
0.6807332648285301
0.3510007696437161
0.6572456042281016
0.5898276753349768
0.6087619572367178
0.21503142962890226
0.5382452111834739
0.41987430466090214
0.7777171305077539
0.4083983931410467
0.6185160646971779
0.49159818937891525
0.606156727126893
0.7410034241455411
0.3307990066154691
0.48843171205199126
0.7466597852582443
0.20032918441485034
0.4924186315707563
0.507584462789415
0.2432630960999282
0.45717199276061576
0.7526382372490176
0.4624721008295211
0.626205154973943
0.7863740131197879
0.31677761873205285
0.4198559197530133
0.6214840293865956
0.5289165921478345
0.4779144981374507
0.8829567121596936
0.3171115319143012
0.8325822382630894
0.38627207219846754
0.3012104819812063
0.47101212538693027
0.08755882757305508
0.6083987557851217
0.7206386715834752
0.4242998654721985
0.12694902992816856
0.16506302241818607
0.12010455793129075
0.36586488478844986
0.46321068731669507
0.2584825027562759
0.3415036852676694
0.301633552494527
0.5243860413437472
0.2367978579990094
0.5889037860955095
0.5106692350708238
0.7417822573692033
0.4860791512647409
0.30372986896521714
0.2065057572559938
0.6360915901743911
0.6144079202009849
0.4378478583536289
0.7195227809436977
0.8310306581097145
0.2958273948680101
0.7311775977909916
0.6523557012449654
0.6172550048399474
0.34737484975623006
0.4795510552391523
0.505501190600331
0.12226007387012644
0.42676903196359495
0.4540461237344849
0.4631070883912671
0.47346888852228236
0.5272377755047845
0.8708681522134324
0.4541534844495682
0.17428051327117353
0.6790889010824371
0.43351581064722156
0.6796173090184235
0.3993237482290995
0.3466672630339498
0.7893528097193735
0.4470459457740298
0.2882036822156067
0.6772421185157433
0.21569165308392815
0.7425281170755254
0.497791339607495
0.31254789582810577
0.2876288674984331
0.4879647286465184
0.6495700489572812
0.5073077160701166
0.2888662943141874
0.20471634033198574
0.6677566216280146
0.39778620709129653
0.7616456090506135
0.6328354016910936
0.4990512793576766
0.3856918018254378
0.5729386134460254
0.6269363517211883
0.4500981065831811
0.2805532017906332
0.08115569487058355
0.5993588810114825
0.592373182432535
0.15642134056957857
0.2802824622995561
0.6217806626135575
0.8497314511887823
0.4742570378499061
0.8575734163028673
0.28644398746643085
0.7136682207089906
0.5377675216141233
0.5259201915190949
0.7238580291265181
0.29310691288027796
0.03139501782320166
0.3076362416053556
0.3117833779799519
0.8960233439152611
0.6840280691296367
0.7978728096012982
0.32837903869953466
0.8018186943796957
0.3610836793499542
0.6251006549314767
0.5093474081078196
0.5723204346195352
0.4714614932624835
0.6608303436937083
0.21069963997209182
0.3944020657041015
0.2908921100696393
0.5674618136240518
0.8259502248144194
0.6326910517418045
0.5806665054320576
0.5819689928052483
0.4785878874801549
0.2557087890835726
0.7630269082975804
0.5679547544804463
0.28248801640483046
0.18908410233608963
0.2894751470747626
0.25569727202743797
0.7013600217617344
0.4461733671817131
0.5787554746205789
0.4320130394280676
0.4755996882235986
0.4313186199675062
0.0867867410727967
0.378411827416261
0.3240674581952637
0.9091781802912905
0.4527685109468234
0.15290611278353664
0.5835596118059821
0.4814834164301952
0.6417486943818387
0.16425167132891258
0.46362428273413175
0.8465291128513497
0.2692586640876847
0.30171681920737325
0.2695297212439001
0.3401942154568841
0.3559368492409441
0.2246063643183736
0.7668100092410473
0.5042102123395684
0.6343545859633511
0.5331749138027564
0.7482380326423936
0.4997564275849903
0.5724920071160483
0.6443786568855436
0.4733247282533667
0.70213563004618
0.6880173074510657
0.4489891370433811
0.27251017437004793
0.20796960206090792
0.10069617148969362
0.2245781353209657
0.686284830556013
0.638226935394228
0.7117713766692342
0.2482660237570184
0.5627547339369066
0.6302898582947307
0.6363608113330894
0.4118425272548724
0.3315927578892903
0.2672059748899197
0.7144270013065716
0.7737706441575098
0.5110802800789798
0.26386836545582615
0.6403141901286385
0.277788647560172
0.3459319902599326
0.2934408979291655
0.5421666574603803
0.6759149156012334
0.1133582073864726
0.31279466627071995
0.3161253621645996
0.4447771779613545
0.6339871031656007
0.23576133520590545
0.0725782266016483
0.6676264103340251
0.7768064451817175
0.21207706403552332
0.3814862856903963
0.5719469297553907
0.17952168825653883
0.5236315713888114
0.1682196274588536
0.3165650509991694
0.8696185177114006
0.4274094150516924
0.5982378435146458
0.434531840580844
0.10621785313203376
0.7289325031706227
0.38506628974614415
0.31087950080772064
0.5577185999136909
0.8315498514467631
0.4441781788386619
0.7725990191304959
0.45688380535566026
0.664881844812717
0.49990946053925206
0.238253406495279
0.40096015687632874
0.584995194863616
0.5914013101515438
0.7498191633097527
0.28570912186491565
0.1909857720258527
0.22000772326753137
0.3029378493880268
0.5747595271290885
0.5247305851472186
0.32044680768384476
0.3559330287941092
0.7932377185316489
0.5100049054097022
0.41026610352035714
0.46486081285396924
0.21591805521599414
0.2676513254044572
0.06784590791708342
0.7825729924778946
0.3044224449398193
0.30449382213253945
0.12201905294911189
0.6939787936360493
0.7325430919088025
0.34564736813420216
0.20002607634701267
0.3588569118256642
0.4390436905135956
0.5883345529077787
0.46601009503443935
0.5725160931103406
0.6319118922178284
0.5795317439511457
0.25002906781133016
0.768311839829525
0.4421858443477849
0.30222935830674325
0.5834995885904398
0.40285806632044113
0.784040952548754
0.3182244929223442
0.4559953630894373
0.19126061307318704
0.28396933100668803
0.6125468582148885
0.5517928005499066
0.3786377913060254
0.4305068327052185
0.4051659157990308
0.5212551312878078
0.5152865575755796
0.41137504521902685
0.6978865693578061
0.6849114628595948
0.5671511744848026
0.4271884478677585
0.8492942663574465
0.5211880123196614
0.4637642059256877
0.3166735148143587
0.7308646108483883
0.6630268227032388
0.2992640835683174
0.8733056079425958
0.772829126137526
0.10462496161176976
0.6228933982392615
0.6638876824395886
0.39824466463740227
0.2287962788724092
0.8709680572858646
0.33428554590210835
0.6601901506855595
0.41463660516580003
0.2774872199427268
0.5130034593977995
0.4489168458833701
0.5317952208671057
0.48190343400297864
0.5473805820914388
0.7282543036508896
0.2848291604781121
0.38212081509849094
0.4079678554562008
0.37466645408613564
0.72612636248442
0.7945770894678121
0.6564864958211719
0.7765995008883139
0.3312699263809584
0.0974177703138804
0.6379956636842185
0.620501405846346
0.884391108477719
0.6907291902201671
0.6664045520199605
0.3019431412292899
0.7780388892772939
0.3355092496324367
0.6307910266018417
0.5268354988512954
0.5303027902009926
0.4944068733582287
0.6238316790788968
0.4667141182409273
0.2615731431809738
0.32832270109147704
0.5025591222077551
0.3880806401566874
0.39841050375604325
0.6750129659323492
0.3467911688465923
0.22945889763050842
0.42256618726851186
0.8950774870523013
0.20397732633933496
0.19966414865618112
0.12081070524119661
0.2927123708895026
0.7573919939652143
0.5759299303635083
0.7019028001302897
0.713801098581505
0.6609707370979496
0.6542158412427429
0.4576753440994901
0.9352047948087077
0.7387154765992336
0.5382812639347051
0.695321623821785
0.5615249635129614
0.3991143571215114
0.699397817330112
0.7598721430543778
0.16813274098733183
0.9340397355759265
0.5911455180047743
0.41467297761527677
0.2332720915738411
0.5921992896890597
0.4163331997490405
0.7563835031874727
0.7118565599690894
0.8941629570349869
0.3321883775838082
0.8057110386730318
0.7059333392984413
0.6551024683423944
0.3120607004475685
0.8025289851171314
0.5237965301102694
0.7577836520399854
0.840121500886906
0.11892297506220381
0.6539052977305406
0.742764487784363
0.33456257888554347
0.2802129137736111
0.48147960910656207
0.3979008926286813
0.33064422639296076
0.21966212559957896
0.7484907754354491
0.3436479735826986
0.35077399599743914
0.1657968929168339
0.27494878939397255
0.4792739629625015
0.3145435682198429
0.32873577051505637
0.43878761353311757
0.477804181262168
0.5245248138407892
0.6173406605589774
0.5915009255922783
